561849.615011,4146882.83098
561849.500402,4146882.99168
561849.270894,4146883.31338
561849.270894,4146883.31338
561849.156123,4146883.47425
561849.041159,4146883.63528
561848.926078,4146883.79653
561848.810875,4146883.95777
561848.695656,4146884.11918
561848.580304,4146884.28059
561848.46505,4146884.44209
561848.349593,4146884.60363
561848.234086,4146884.76532
561848.118559,4146884.92699
561848.003016,4146885.08875
561847.887349,4146885.25058
561847.771578,4146885.4125
561847.655824,4146885.57446
561847.539992,4146885.73647
561847.424075,4146885.89859
561847.308141,4146886.0608
561847.192199,4146886.223
561847.076241,4146886.38529
561846.960212,4146886.54768
561846.844136,4146886.71023
561846.728017,4146886.87277
561846.611998,4146887.03539
561846.495788,4146887.19812
561846.379567,4146887.3609
561846.263293,4146887.52371
561846.14699,4146887.68656
561846.030585,4146887.84938
561845.914093,4146888.01246
561845.7976,4146888.17552
561845.681124,4146888.33862
561845.564577,4146888.50183
561845.447935,4146888.66504
561845.331195,4146888.82833
561845.21454,4146888.99163
561845.097787,4146889.15512
561844.981019,4146889.31861
561844.864207,4146889.48208
561844.747355,4146889.64566
561844.630365,4146889.80923
561844.396282,4146890.13672
561844.396282,4146890.13672
561844.279295,4146890.30039
561844.162174,4146890.46427
561844.045037,4146890.6283
561843.927868,4146890.79227
561843.810661,4146890.95645
561843.693487,4146891.12056
561843.576197,4146891.28484
561843.458891,4146891.44909
561843.341532,4146891.61347
561843.224078,4146891.77791
561843.106607,4146891.94242
561842.989158,4146892.10699
561842.87169,4146892.27171
561842.754179,4146892.43644
561842.636641,4146892.60126
561842.519134,4146892.76614
561842.401459,4146892.93114
561842.283807,4146893.09617
561842.16612,4146893.26129
561842.048368,4146893.42646
561841.930611,4146893.59171
561841.812768,4146893.75702
561841.694853,4146893.92238
561841.57693,4146894.0878
561841.45891,4146894.25327
561841.340864,4146894.41881
561841.222782,4146894.58447
561841.104694,4146894.75019
561840.986522,4146894.91593
561840.868311,4146895.08175
561840.750098,4146895.24759
561840.631808,4146895.41345
561840.513495,4146895.57936
561840.39501,4146895.74543
561840.276549,4146895.91149
561840.158054,4146896.07761
561840.039464,4146896.2438
561839.920833,4146896.41003
561839.80215,4146896.57629
561839.683448,4146896.74258
561839.564659,4146896.90898
561839.445832,4146897.07546
561839.32701,4146897.24194
561839.208148,4146897.4085
561839.089174,4146897.57515
561838.970194,4146897.74185
561838.851127,4146897.90853
561838.732109,4146898.07538
561838.612929,4146898.24223
561838.493773,4146898.40916
561838.374492,4146898.57616
561838.255241,4146898.74316
561838.135954,4146898.91021
561838.016556,4146899.07746
561837.897169,4146899.24467
561837.777814,4146899.41196
561837.538839,4146899.74679
561837.538839,4146899.74679
561837.41932,4146899.91422
561837.299742,4146900.08175
561837.17955,4146900.2495
561837.059201,4146900.41733
561836.938856,4146900.58522
561836.818441,4146900.75322
561836.697968,4146900.92127
561836.577454,4146901.08943
561836.456947,4146901.25757
561836.336348,4146901.42578
561836.215722,4146901.59409
561836.095039,4146901.7624
561835.97429,4146901.93077
561835.853531,4146902.09923
561835.732686,4146902.26779
561835.611848,4146902.43635
561835.491003,4146902.60497
561835.370102,4146902.77366
561835.249114,4146902.9425
561835.128107,4146903.11133
561835.007089,4146903.28016
561834.886023,4146903.44909
561834.764851,4146903.61818
561834.643686,4146903.78728
561834.522532,4146903.95637
561834.401311,4146904.12564
561834.280019,4146904.29495
561834.158716,4146904.46428
561834.037401,4146904.63367
561833.916044,4146904.80318
561833.794629,4146904.97271
561833.673237,4146905.14226
561833.551717,4146905.31192
561833.430146,4146905.48162
561833.308624,4146905.65132
561833.187036,4146905.82114
561833.065427,4146905.99091
561832.943717,4146906.1609
561832.82205,4146906.33087
561832.700253,4146906.50095
561832.5785,4146906.67106
561832.456671,4146906.84113
561832.334785,4146907.0114
561832.212835,4146907.18163
561832.090897,4146907.3519
561831.968907,4146907.52221
561831.84685,4146907.69261
561831.724733,4146907.86305
561831.602541,4146908.03356
561831.480314,4146908.20405
561831.358091,4146908.37471
561831.235793,4146908.54533
561831.113537,4146908.716
561830.991209,4146908.8868
561830.86878,4146909.05761
561830.746291,4146909.2285
561830.623793,4146909.39938
561830.5012,4146909.57033
561830.378529,4146909.74143
561830.255936,4146909.91245
561830.13324,4146910.0836
561830.01051,4146910.25477
561829.887703,4146910.42609
561829.764952,4146910.59734
561829.642127,4146910.76873
561829.519209,4146910.94017
561829.396334,4146911.11161
561829.273409,4146911.28316
561829.150378,4146911.45473
561829.027321,4146911.6264
561828.904272,4146911.79815
561828.78124,4146911.96984
561828.658146,4146912.14168
561828.534993,4146912.31363
561828.41188,4146912.48562
561828.288744,4146912.65752
561828.165529,4146912.82962
561828.042219,4146913.00174
561827.918952,4146913.17398
561827.795695,4146913.34623
561827.672382,4146913.51857
561827.549002,4146913.69092
561827.425668,4146913.86341
561827.302334,4146914.03577
561827.178871,4146914.20838
561827.055416,4146914.38098
561826.931921,4146914.55366
561826.808416,4146914.72633
561826.684875,4146914.8991
561826.561279,4146915.07194
561826.437684,4146915.24487
561826.31414,4146915.41775
561826.190483,4146915.59084
561826.066877,4146915.76389
561825.943193,4146915.93706
561825.819569,4146916.11026
561825.695825,4146916.28356
561825.572052,4146916.45686
561825.324454,4146916.80366
561825.324454,4146916.80366
561825.200593,4146916.97721
561825.076712,4146917.15077
561824.95289,4146917.3243
561824.829289,4146917.49778
561824.705651,4146917.67132
561824.581963,4146917.84488
561824.458268,4146918.01853
561824.334572,4146918.19224
561824.210784,4146918.36603
561824.087017,4146918.53985
561823.963199,4146918.71373
561823.839411,4146918.88758
561823.715529,4146919.06166
561823.591627,4146919.23567
561823.467677,4146919.40972
561823.343761,4146919.58371
561823.219688,4146919.75789
561823.09554,4146919.93213
561822.971422,4146920.1064
561822.847282,4146920.28058
561822.723053,4146920.45487
561822.5988,4146920.62927
561822.474628,4146920.80353
561822.350389,4146920.97807
561822.226148,4146921.15251
561822.101892,4146921.32707
561821.977568,4146921.50166
561821.853205,4146921.67632
561821.728842,4146921.85111
561821.604417,4146922.02589
561821.479976,4146922.2007
561821.355485,4146922.37559
561821.231003,4146922.55048
561821.106488,4146922.72547
561820.98195,4146922.90051
561820.857385,4146923.07554
561820.732805,4146923.25085
561820.608266,4146923.42612
561820.483614,4146923.60134
561820.358947,4146923.77672
561820.234259,4146923.9521
561820.109434,4146924.12754
561819.984759,4146924.303
561819.859991,4146924.47857
561819.735207,4146924.65433
561819.610453,4146924.83017
561819.485705,4146925.00596
561819.360818,4146925.18183
561819.235826,4146925.35766
561819.110875,4146925.53358
561818.985811,4146925.70957
561818.860647,4146925.88571
561818.735598,4146926.06187
561818.610455,4146926.23804
561818.485365,4146926.41422
561818.360187,4146926.59055
561818.235022,4146926.76695
561818.109878,4146926.94331
561817.984718,4146927.1197
561817.859527,4146927.29638
561817.734358,4146927.47304
561817.609245,4146927.6498
561817.484057,4146927.82645
561817.358762,4146928.00331
561817.233418,4146928.18009
561817.10802,4146928.35702
561816.982656,4146928.53395
561816.857178,4146928.71102
561816.731725,4146928.88803
561816.606263,4146929.06516
561816.480822,4146929.24222
561816.355303,4146929.41939
561816.229693,4146929.59655
561816.104081,4146929.77388
561815.978518,4146929.95115
561815.852897,4146930.12858
561815.727307,4146930.30606
561815.601749,4146930.4836
561815.47609,4146930.66119
561815.350362,4146930.83883
561815.22458,4146931.01653
561815.09888,4146931.19412
561814.973086,4146931.37192
561814.847218,4146931.54977
561814.721444,4146931.72768
561814.595532,4146931.90556
561814.469743,4146932.08366
561814.343855,4146932.26174
561814.218026,4146932.43989
561814.092154,4146932.61794
561813.966213,4146932.79617
561813.840273,4146932.97442
561813.714252,4146933.15269
561813.588324,4146933.33092
561813.462231,4146933.50943
561813.336203,4146933.68784
561813.210098,4146933.86631
561813.084038,4146934.04473
561812.831653,4146934.40183
561812.831653,4146934.40183
561812.705369,4146934.58048
561812.579117,4146934.75903
561812.453067,4146934.93773
561812.326926,4146935.11647
561812.200753,4146935.29529
561812.074585,4146935.4741
561811.948351,4146935.65297
561811.822041,4146935.83181
561811.695641,4146936.01076
561811.569361,4146936.18956
561811.442907,4146936.36854
561811.31645,4146936.54755
561811.189958,4146936.72661
561811.063475,4146936.90569
561810.936929,4146937.08486
561810.810311,4146937.26409
561810.683732,4146937.44332
561810.557116,4146937.62252
561810.430491,4146937.80183
561810.303799,4146937.98113
561810.177007,4146938.1606
561810.050364,4146938.33998
561809.923611,4146938.51946
561809.796786,4146938.69904
561809.670058,4146938.87856
561809.543261,4146939.05828
561809.416382,4146939.238
561809.289486,4146939.41781
561809.162644,4146939.59758
561809.035755,4146939.77734
561808.908785,4146939.95727
561808.781831,4146940.1372
561808.654806,4146940.31709
561808.527774,4146940.4971
561808.400719,4146940.67713
561808.273532,4146940.85726
561808.146435,4146941.03736
561808.019254,4146941.2175
561807.892047,4146941.39769
561807.76481,4146941.57786
561807.63758,4146941.75814
561807.510288,4146941.9384
561807.38295,4146942.11874
561807.255575,4146942.29922
561807.128222,4146942.47963
561807.000757,4146942.66014
561806.873299,4146942.84068
561806.745866,4146943.02118
561806.618413,4146943.20175
561806.490874,4146943.38245
561806.363378,4146943.56317
561806.235867,4146943.74391
561806.108288,4146943.92467
561805.9807,4146944.10551
561805.853151,4146944.28629
561805.725513,4146944.46721
561805.597985,4146944.64802
561805.470289,4146944.82905
561805.342586,4146945.01011
561805.214959,4146945.19116
561805.087322,4146945.37222
561804.959598,4146945.55334
561804.831868,4146945.73456
561804.70406,4146945.91579
561804.576297,4146946.09698
561804.448493,4146946.27825
561804.320611,4146946.45955
561804.19273,4146946.64094
561804.064911,4146946.82225
561803.93702,4146947.00371
561803.809116,4146947.18523
561803.681194,4146947.36671
561803.553142,4146947.54831
561803.425136,4146947.72984
561803.297017,4146947.91144
561803.168877,4146948.09304
561803.040767,4146948.27467
561802.912529,4146948.45635
561802.784353,4146948.63815
561802.656163,4146948.81998
561802.527976,4146949.00176
561802.399779,4146949.1837
561802.271561,4146949.36566
561802.143344,4146949.54762
561802.015084,4146949.72962
561801.886807,4146949.9117
561801.758548,4146950.09374
561801.630154,4146950.27589
561801.501754,4146950.45799
561801.373253,4146950.6401
561801.244754,4146950.82225
561801.11612,4146951.0045
561800.987526,4146951.18663
561800.858943,4146951.36891
561800.730334,4146951.55118
561800.601719,4146951.7335
561800.473071,4146951.91581
561800.3444,4146952.09823
561800.086896,4146952.46295
561800.086896,4146952.46295
561799.958114,4146952.6455
561799.82936,4146952.8281
561799.700597,4146953.01069
561799.571923,4146953.19329
561799.443154,4146953.37593
561799.314348,4146953.55864
561799.18562,4146953.74138
561799.056813,4146953.92403
561798.927983,4146954.10691
561798.799137,4146954.28975
561798.67027,4146954.47263
561798.541473,4146954.65549
561798.412566,4146954.83856
561798.283718,4146955.02153
561798.154732,4146955.20462
561798.02585,4146955.38761
561797.89683,4146955.5706
561797.767772,4146955.75375
561797.638781,4146955.93674
561797.509655,4146956.11992
561797.380563,4146956.3031
561797.251415,4146956.48632
561797.122318,4146956.66963
561796.9933,4146956.85286
561796.864094,4146957.03607
561796.734888,4146957.21932
561796.60559,4146957.40255
561796.476232,4146957.58579
561796.346802,4146957.76904
561796.217287,4146957.95233
561796.087695,4146958.13553
561795.958041,4146958.31871
561795.828319,4146958.50192
561795.698573,4146958.68512
561795.56881,4146958.86826
561795.439,4146959.05144
561795.309156,4146959.23463
561795.179248,4146959.41785
561795.049248,4146959.60109
561794.919315,4146959.78436
561794.789328,4146959.96766
561794.659274,4146960.151
561794.529318,4146960.33444
561794.399325,4146960.51789
561794.269322,4146960.70139
561794.139261,4146960.88503
561794.009244,4146961.06869
561793.87923,4146961.25241
561793.749198,4146961.4362
561793.619215,4146961.62004
561793.489278,4146961.80391
561793.359309,4146961.9879
561793.229299,4146962.17197
561793.09933,4146962.35603
561792.969359,4146962.54006
561792.839303,4146962.72422
561792.70925,4146962.90844
561792.579136,4146963.0926
561792.449067,4146963.27679
561792.318863,4146963.46105
561792.188707,4146963.64528
561792.058458,4146963.82961
561791.928235,4146964.01388
561791.797868,4146964.19816
561791.667491,4146964.38247
561791.537075,4146964.56676
561791.406556,4146964.75115
561791.276015,4146964.93544
561791.145361,4146965.11985
561791.014746,4146965.30417
561790.884117,4146965.48849
561790.753459,4146965.67285
561790.622662,4146965.85731
561790.491846,4146966.04172
561790.361076,4146966.2261
561790.230218,4146966.41059
561790.099305,4146966.59508
561789.96836,4146966.77961
561789.837474,4146966.96409
561789.706544,4146967.14858
561789.5756,4146967.33309
561789.444591,4146967.51774
561789.313621,4146967.70228
561789.182597,4146967.88687
561789.051467,4146968.07158
561788.920355,4146968.2562
561788.78923,4146968.44079
561788.658006,4146968.62551
561788.526854,4146968.8102
561788.395637,4146968.99492
561788.264515,4146969.17963
561788.133247,4146969.3645
561788.001996,4146969.54935
561787.870748,4146969.73424
561787.7395,4146969.91904
561787.608236,4146970.10395
561787.476902,4146970.28892
561787.345581,4146970.47384
561787.08291,4146970.84377
561787.08291,4146970.84377
561786.951459,4146971.02875
561786.819935,4146971.21381
561786.688483,4146971.39874
561786.556919,4146971.58379
561786.425342,4146971.7689
561786.293762,4146971.95398
561786.162186,4146972.13905
561786.030581,4146972.32419
561785.898853,4146972.50937
561785.767152,4146972.69455
561785.635426,4146972.87964
561785.503651,4146973.06492
561785.371818,4146973.25002
561785.239976,4146973.43536
561785.108026,4146973.62055
561784.97607,4146973.80587
561784.844168,4146973.99107
561784.712219,4146974.17629
561784.580208,4146974.36158
561784.448214,4146974.54691
561784.316104,4146974.73225
561784.184069,4146974.91757
561784.05193,4146975.10291
561783.919827,4146975.28828
561783.787642,4146975.47364
561783.655448,4146975.65904
561783.523267,4146975.84443
561783.391065,4146976.0299
561783.258804,4146976.21533
561783.126506,4146976.40089
561782.994218,4146976.58642
561782.861863,4146976.77201
561782.729452,4146976.95761
561782.597109,4146977.14315
561782.464717,4146977.3288
561782.332278,4146977.51447
561782.199826,4146977.70023
561782.067419,4146977.88591
561781.934954,4146978.07175
561781.802486,4146978.25758
561781.670005,4146978.44343
561781.537543,4146978.62921
561781.405006,4146978.81507
561781.272428,4146979.00098
561781.139986,4146979.18683
561781.007381,4146979.3729
561780.874823,4146979.55894
561780.742268,4146979.74499
561780.609701,4146979.93102
561780.477067,4146980.11704
561780.34437,4146980.30303
561780.211614,4146980.48918
561780.078924,4146980.6752
561779.946194,4146980.86128
561779.813471,4146981.04736
561779.680706,4146981.23358
561779.547837,4146981.41981
561779.415045,4146981.60586
561779.282093,4146981.79199
561779.149172,4146981.97808
561779.016165,4146982.16433
561778.883163,4146982.35049
561778.750181,4146982.53671
561778.617128,4146982.72295
561778.484058,4146982.90917
561778.21781,4146983.28165
561778.21781,4146983.28165
561778.084637,4146983.46795
561777.951422,4146983.65431
561777.818253,4146983.8406
561777.68508,4146984.02701
561777.551751,4146984.21352
561777.418595,4146984.39981
561777.285314,4146984.58642
561777.152082,4146984.77282
561777.018769,4146984.95946
561776.885489,4146985.14599
561776.752202,4146985.33258
561776.618882,4146985.51925
561776.485575,4146985.70597
561776.352337,4146985.89266
561776.218976,4146986.07935
561776.08565,4146986.26609
561775.952186,4146986.4529
561775.818775,4146986.63959
561775.685315,4146986.82637
561775.551692,4146987.01318
561775.41818,4146987.19989
561775.28455,4146987.38657
561775.15099,4146987.57335
561775.01731,4146987.7602
561774.883768,4146987.9469
561774.750035,4146988.13369
561774.616255,4146988.32047
561774.48245,4146988.50725
561774.348585,4146988.6941
561774.214853,4146988.88082
561774.081025,4146989.06767
561773.813378,4146989.44136
561773.813378,4146989.44136
561773.679497,4146989.62815
561773.545584,4146989.81505
561773.411773,4146990.00179
561773.277936,4146990.18865
561773.144114,4146990.37542
561773.010263,4146990.5623
561772.87642,4146990.74907
561772.74253,4146990.93604
561772.608686,4146991.1228
561772.474765,4146991.30976
561772.340875,4146991.49663
561772.206885,4146991.68357
561772.072969,4146991.87055
561771.938984,4146992.05754
561771.804969,4146992.24462
561771.671061,4146992.43165
561771.537135,4146992.6188
561771.403247,4146992.8059
561771.269403,4146992.99308
561771.135458,4146993.1803
561771.001561,4146993.3675
561770.867581,4146993.55474
561770.733577,4146993.74198
561770.59958,4146993.92926
561770.465641,4146994.11648
561770.331677,4146994.30395
561770.197726,4146994.49134
561770.063792,4146994.67865
561769.929822,4146994.86601
561769.795805,4146995.0533
561769.661712,4146995.24069
561769.527631,4146995.42802
561769.393544,4146995.61539
561769.2594,4146995.8028
561769.125368,4146995.99027
561768.991376,4146996.17781
561768.857361,4146996.36536
561768.723362,4146996.55294
561768.589249,4146996.74036
561768.455082,4146996.92778
561768.320912,4146997.11529
561768.186707,4146997.30283
561768.052592,4146997.49041
561767.918532,4146997.67799
561767.784396,4146997.86567
561767.650274,4146998.05342
561767.516208,4146998.24107
561767.382167,4146998.42864
561767.248118,4146998.61633
561767.114031,4146998.80407
561766.980003,4146998.99192
561766.846021,4146999.17976
561766.711992,4146999.36766
561766.578128,4146999.55543
561766.444028,4146999.74345
561766.310059,4146999.93128
561766.175996,4147000.11927
561766.042054,4147000.30722
561765.908015,4147000.49518
561765.773969,4147000.6832
561765.639864,4147000.87121
561765.505792,4147001.05917
561765.371772,4147001.24711
561765.237672,4147001.43511
561765.103517,4147001.62316
561764.969307,4147001.81119
561764.835135,4147001.99919
561764.701028,4147002.18718
561764.566875,4147002.37523
561764.43269,4147002.5634
561764.298481,4147002.75146
561764.164395,4147002.93952
561764.030228,4147003.12764
561763.896072,4147003.31581
561763.761899,4147003.50401
561763.627782,4147003.69219
561763.493629,4147003.8804
561763.359403,4147004.06868
561763.225267,4147004.25698
561763.091176,4147004.44517
561762.957103,4147004.63344
561762.823001,4147004.82178
561762.688937,4147005.01008
561762.554881,4147005.19841
561762.420837,4147005.38676
561762.286804,4147005.57514
561762.152724,4147005.76358
561762.018675,4147005.9521
561761.884748,4147006.14049
561761.750712,4147006.32908
561761.616894,4147006.51753
561761.48296,4147006.70613
561761.349028,4147006.89473
561761.215088,4147007.08336
561761.081215,4147007.27199
561760.947304,4147007.46061
561760.813337,4147007.64938
561760.679441,4147007.83794
561760.411686,4147008.2153
561760.411686,4147008.2153
561760.277844,4147008.40396
561760.143927,4147008.59283
561760.010031,4147008.78163
561759.876063,4147008.97053
561759.742007,4147009.15947
561759.608114,4147009.34829
561759.474193,4147009.53725
561759.340321,4147009.7262
561759.206474,4147009.91522
561759.072622,4147010.10426
561758.938799,4147010.29333
561758.804955,4147010.48242
561758.671109,4147010.67152
561758.537254,4147010.86071
561758.40352,4147011.04976
561758.269758,4147011.239
561758.135966,4147011.42818
561758.00219,4147011.61745
561757.868549,4147011.80663
561757.73482,4147011.99589
561757.601049,4147012.18526
561757.467446,4147012.37461
561757.333841,4147012.56392
561757.200154,4147012.75326
561757.066555,4147012.94266
561756.932933,4147013.13206
561756.799358,4147013.3215
561756.665724,4147013.511
561756.532181,4147013.70049
561756.398581,4147013.88993
561756.265132,4147014.07943
561756.131641,4147014.26895
561755.998115,4147014.45847
561755.864574,4147014.64815
561755.731162,4147014.83764
561755.597721,4147015.02732
561755.464271,4147015.21702
561755.330918,4147015.40669
561755.197483,4147015.59632
561755.064051,4147015.7861
561754.930643,4147015.97576
561754.797199,4147016.16559
561754.663831,4147016.35524
561754.530383,4147016.54503
561754.396967,4147016.73489
561754.263617,4147016.92461
561754.130313,4147017.11449
561753.996945,4147017.3043
561753.863592,4147017.49429
561753.730201,4147017.68414
561753.596856,4147017.87406
561753.463496,4147018.06392
561753.330128,4147018.25392
561753.196704,4147018.44379
561753.063282,4147018.63373
561752.929815,4147018.82358
561752.796341,4147019.01354
561752.662923,4147019.20343
561752.529457,4147019.39351
561752.396094,4147019.58348
561752.262632,4147019.77352
561752.129203,4147019.96354
561751.995824,4147020.1536
561751.862453,4147020.34364
561751.728953,4147020.5338
561751.595671,4147020.72389
561751.462235,4147020.91394
561751.3288,4147021.1041
561751.195395,4147021.29432
561751.061976,4147021.4844
561750.928555,4147021.67467
561750.795198,4147021.8649
561750.661783,4147022.05509
561750.528495,4147022.24523
561750.395146,4147022.43549
561750.261701,4147022.62579
561750.128311,4147022.81613
561749.995016,4147023.00634
561749.861495,4147023.19669
561749.728202,4147023.38694
561749.594822,4147023.57737
561749.461497,4147023.76774
561749.32806,4147023.95804
561749.194695,4147024.14847
561749.061254,4147024.33881
561748.927927,4147024.5292
561748.794657,4147024.71958
561748.661432,4147024.91004
561748.528014,4147025.1007
561748.394837,4147025.29111
561748.261471,4147025.48165
561748.128054,4147025.67203
561747.9946,4147025.86254
561747.861139,4147026.0528
561747.727666,4147026.24329
561747.594162,4147026.43378
561747.460669,4147026.62444
561747.327155,4147026.81474
561747.059974,4147027.19547
561747.059974,4147027.19547
561746.92629,4147027.38598
561746.79251,4147027.57617
561746.658645,4147027.76672
561746.524752,4147027.95706
561746.390819,4147028.14764
561746.12298,4147028.52862
561746.12298,4147028.52862
561745.989059,4147028.71896
561745.855164,4147028.90949
561745.721256,4147029.09983
561745.587333,4147029.29046
561745.45347,4147029.4809
561745.319463,4147029.67156
561745.185419,4147029.86202
561745.051339,4147030.0527
561744.917145,4147030.24299
561744.782977,4147030.4335
561744.648758,4147030.62395
561744.514516,4147030.81453
561744.380152,4147031.00487
561744.245809,4147031.19533
561744.11122,4147031.38556
561743.976677,4147031.57602
561743.842019,4147031.76624
561743.707298,4147031.95654
561743.57257,4147032.14683
561743.437871,4147032.33704
561743.302908,4147032.52732
561743.168065,4147032.71745
561743.033078,4147032.90765
561742.89803,4147033.09775
561742.763034,4147033.28785
561742.628022,4147033.47802
561742.493048,4147033.66826
561742.358109,4147033.85843
561742.223196,4147034.04869
561742.088273,4147034.23872
561741.953295,4147034.42901
561741.818359,4147034.61908
561741.683415,4147034.80927
561741.548495,4147034.99936
561741.413665,4147035.18939
561741.278669,4147035.37961
561741.143801,4147035.56971
561741.008904,4147035.75977
561740.873983,4147035.94979
561740.739101,4147036.13971
561740.604094,4147036.3298
561740.469141,4147036.51963
561740.334121,4147036.70959
561740.199077,4147036.89946
561740.063934,4147037.0894
561739.928859,4147037.27916
561739.793697,4147037.46902
561739.65848,4147037.65893
561739.523352,4147037.84868
561739.388162,4147038.03845
561739.2529,4147038.22827
561739.117656,4147038.41802
561738.98231,4147038.60787
561738.847107,4147038.79762
561738.711805,4147038.98744
561738.576513,4147039.17725
561738.441162,4147039.36706
561738.305807,4147039.55687
561738.1704,4147039.74667
561738.034898,4147039.93659
561737.899495,4147040.12627
561737.763977,4147040.31607
561737.628452,4147040.50584
561737.492928,4147040.69562
561737.357315,4147040.88533
561737.221693,4147041.07511
561737.085991,4147041.26473
561736.950237,4147041.45447
561736.814458,4147041.64414
561736.678614,4147041.83382
561736.542735,4147042.02358
561736.406904,4147042.21324
561736.271083,4147042.40283
561736.135186,4147042.59243
561735.999221,4147042.78207
561735.86323,4147042.97157
561735.727183,4147043.16116
561735.591096,4147043.35067
561735.454913,4147043.54027
561735.318808,4147043.72983
561735.182721,4147043.91939
561735.046752,4147044.10886
561734.910616,4147044.29858
561734.774554,4147044.4881
561734.638517,4147044.67764
561734.502423,4147044.86716
561734.366415,4147045.05667
561734.366415,4147045.05667
561734.094391,4147045.43606
561733.958462,4147045.62578
561733.822553,4147045.81545
561733.686737,4147046.00512
561733.550927,4147046.1947
561733.414991,4147046.38429
561733.279234,4147046.57401
561733.143505,4147046.76366
561733.00785,4147046.95328
561732.87221,4147047.143
561732.736466,4147047.33273
561732.600882,4147047.52243
561732.465156,4147047.71203
561732.329461,4147047.90166
561732.19367,4147048.09125
561732.057858,4147048.28078
561731.922046,4147048.47032
561731.786157,4147048.65985
561731.6502,4147048.84937
561731.514335,4147049.03888
561731.378396,4147049.22841
561731.24259,4147049.41787
561731.106751,4147049.60744
561730.970924,4147049.79698
561730.835137,4147049.98656
561730.699273,4147050.17613
561730.563448,4147050.36566
561730.427497,4147050.55526
561730.291613,4147050.74486
561730.155773,4147050.93454
561730.019946,4147051.12416
561729.884258,4147051.31381
561729.748427,4147051.50348
561729.612667,4147051.6933
561729.476841,4147051.88304
561729.341161,4147052.07275
561729.205305,4147052.26252
561729.069444,4147052.45228
561728.93376,4147052.64204
561728.798012,4147052.8317
561728.662405,4147053.02152
561728.526585,4147053.2113
561728.390949,4147053.40123
561728.255196,4147053.59098
561728.119544,4147053.78096
561727.983942,4147053.97088
561727.848344,4147054.16094
561727.712805,4147054.35088
561727.577402,4147054.54099
561727.441971,4147054.73104
561727.306588,4147054.92121
561727.171207,4147055.11143
561727.035871,4147055.30173
561726.900512,4147055.49198
561726.765203,4147055.68224
561726.630011,4147055.87253
561726.494736,4147056.06277
561726.359512,4147056.25313
561726.224279,4147056.44341
561726.089138,4147056.6337
561725.818674,4147057.01448
561725.818674,4147057.01448
561725.683453,4147057.20482
561725.548234,4147057.39522
561725.277676,4147057.77592
561725.277676,4147057.77592
561725.142447,4147057.96631
561725.007186,4147058.1567
561724.871967,4147058.34706
561724.736738,4147058.5375
561724.601523,4147058.7279
561724.466383,4147058.9183
561724.331243,4147059.10883
561724.196037,4147059.29941
561724.060947,4147059.48993
561723.925898,4147059.68039
561723.790884,4147059.87091
561723.65588,4147060.06137
561723.520873,4147060.25188
561723.385873,4147060.44231
561723.250867,4147060.63281
561723.11583,4147060.82333
561722.980939,4147061.01391
561722.84604,4147061.20445
561722.711116,4147061.39502
561722.576232,4147061.58552
561722.441375,4147061.776
561722.306533,4147061.96649
561722.171681,4147062.15702
561722.036857,4147062.34756
561721.902058,4147062.53811
561721.76726,4147062.7287
561721.632529,4147062.91933
561721.497801,4147063.10999
561721.363125,4147063.30062
561721.228451,4147063.49122
561721.093783,4147063.6819
561720.959167,4147063.87259
561720.824548,4147064.06328
561720.68995,4147064.25404
561720.555412,4147064.44482
561720.420864,4147064.63562
561720.286284,4147064.82639
561720.151733,4147065.01722
561720.017191,4147065.20796
561719.882617,4147065.39879
561719.748031,4147065.58963
561719.613437,4147065.78056
561719.47886,4147065.97144
561719.344256,4147066.16247
561719.209734,4147066.3533
561719.075183,4147066.54429
561718.940587,4147066.73536
561718.806044,4147066.92637
561718.671544,4147067.11744
561718.537104,4147067.30855
561718.402686,4147067.49965
561718.268228,4147067.69083
561718.133952,4147067.88198
561717.999586,4147068.07318
561717.865162,4147068.26449
561717.730917,4147068.45578
561717.596707,4147068.64696
561717.462424,4147068.83838
561717.328135,4147069.0297
561717.193917,4147069.221
561717.193917,4147069.221
561716.92553,4147069.60358
561716.791342,4147069.79501
561716.657124,4147069.98624
561716.522931,4147070.17752
561716.388737,4147070.36878
561716.254497,4147070.5601
561716.120252,4147070.75144
561715.986102,4147070.94266
561715.851905,4147071.13393
561715.717606,4147071.32529
561715.583456,4147071.51646
561715.449232,4147071.70772
561715.315054,4147071.8989
561715.180859,4147072.09007
561715.046662,4147072.2813
561714.912444,4147072.47246
561714.778221,4147072.66367
561714.644042,4147072.85483
561714.509894,4147073.04608
561714.375723,4147073.23727
561714.241567,4147073.42851
561714.107428,4147073.6197
561713.973268,4147073.81081
561713.83909,4147074.00204
561713.704974,4147074.19325
561713.570837,4147074.38443
561713.436698,4147074.57567
561713.302609,4147074.76694
561713.168546,4147074.95819
561713.034459,4147075.14947
561712.900349,4147075.34074
561712.766333,4147075.53199
561712.63217,4147075.72328
561712.498134,4147075.91452
561712.364106,4147076.10588
561712.230026,4147076.29717
561712.096026,4147076.48852
561711.961987,4147076.67984
561711.827979,4147076.87116
561711.693969,4147077.06242
561711.559911,4147077.25381
561711.425774,4147077.44517
561711.29176,4147077.63644
561711.157664,4147077.82775
561711.023515,4147078.0192
561710.889423,4147078.21045
561710.755437,4147078.40169
561710.621323,4147078.59296
561710.487199,4147078.78434
561710.35313,4147078.97554
561710.219029,4147079.16693
561710.084882,4147079.35818
561709.950791,4147079.54955
561709.81666,4147079.74078
561709.682615,4147079.93193
561709.548507,4147080.12324
561709.41446,4147080.31447
561709.280521,4147080.50577
561709.146601,4147080.69693
561709.012612,4147080.8882
561708.878578,4147081.07949
561708.74451,4147081.27076
561708.610531,4147081.46195
561708.476473,4147081.65319
561708.342453,4147081.84446
561708.208512,4147082.0356
561708.074446,4147082.22673
561707.940393,4147082.41793
561707.806136,4147082.60908
561707.671972,4147082.80012
561707.537653,4147082.99117
561707.403366,4147083.18232
561707.269168,4147083.37341
561707.134859,4147083.56446
561707.000801,4147083.75545
561706.866579,4147083.94649
561706.598019,4147084.32837
561706.598019,4147084.32837
561706.463759,4147084.51928
561706.329343,4147084.71035
561706.194866,4147084.90141
561706.060589,4147085.09244
561705.926108,4147085.28339
561705.79168,4147085.4745
561705.657165,4147085.66538
561705.522684,4147085.85629
561705.388049,4147086.04709
561705.253399,4147086.23796
561705.118685,4147086.42872
561704.983961,4147086.61957
561704.849223,4147086.8103
561704.714373,4147087.00105
561704.57948,4147087.19173
561704.444584,4147087.38238
561704.309557,4147087.57298
561704.174553,4147087.76358
561704.039537,4147087.95416
561703.904414,4147088.14475
561703.769283,4147088.33532
561703.63417,4147088.52585
561703.49896,4147088.71643
561703.36383,4147088.9069
561703.228541,4147089.0975
561703.093309,4147089.28806
561702.958052,4147089.47859
561702.822836,4147089.66915
561702.68761,4147089.85968
561702.552261,4147090.0504
561702.416977,4147090.24097
561702.281771,4147090.43153
561702.146461,4147090.6221
561702.011205,4147090.81275
561701.87591,4147091.00329
561701.740601,4147091.19392
561701.605245,4147091.38449
561701.469961,4147091.57515
561701.334581,4147091.76576
561701.199215,4147091.95639
561701.06389,4147092.14687
561700.928488,4147092.33745
561700.793077,4147092.52798
561700.657688,4147092.71847
561700.522198,4147092.90895
561700.386598,4147093.09947
561700.251052,4147093.28989
561700.115451,4147093.48028
561699.979803,4147093.67068
561699.844088,4147093.86112
561699.708405,4147094.05144
561699.572689,4147094.24172
561699.436881,4147094.43202
561699.3011,4147094.62232
561699.165255,4147094.81253
561699.02934,4147095.00272
561698.893396,4147095.19293
561698.757413,4147095.38308
561698.62139,4147095.57323
561698.485321,4147095.76334
561698.349256,4147095.95344
561698.21318,4147096.14354
561698.077043,4147096.33365
561697.940869,4147096.52373
561697.804716,4147096.71377
561697.668495,4147096.90381
561697.532227,4147097.09385
561697.395988,4147097.28389
561697.259735,4147097.47395
561697.123443,4147097.66394
561696.987127,4147097.85387
561696.850705,4147098.04391
561696.71434,4147098.23387
561696.577961,4147098.42383
561696.441602,4147098.6139
561696.305226,4147098.80381
561696.168824,4147098.99381
561696.168824,4147098.99381
561695.895991,4147099.37371
561695.759552,4147099.56357
561695.623125,4147099.75351
561695.486701,4147099.94336
561695.35031,4147100.13331
561695.213924,4147100.32317
561695.077549,4147100.51312
561694.941243,4147100.70297
561694.804896,4147100.89278
561694.668563,4147101.08265
561694.532191,4147101.27251
561694.395898,4147101.46237
561694.259634,4147101.65225
561694.123395,4147101.8422
561693.987128,4147102.03213
561693.850956,4147102.22203
561693.714771,4147102.41194
561693.578648,4147102.60192
561693.44251,4147102.79183
561693.306381,4147102.98179
561693.034133,4147103.36162
561693.034133,4147103.36162
561692.898004,4147103.55166
561692.762271,4147103.74202
561692.626753,4147103.93255
561692.491164,4147104.12319
561692.355634,4147104.31377
561692.220145,4147104.50431
561692.084702,4147104.6948
561691.949242,4147104.88536
561691.813678,4147105.07601
561691.678167,4147105.2666
561691.542706,4147105.45724
561691.407292,4147105.64785
561691.271981,4147105.83845
561691.136561,4147106.0292
561691.001282,4147106.21986
561690.865958,4147106.41055
561690.730545,4147106.60133
561690.595259,4147106.79189
561690.459947,4147106.98264
561690.324622,4147107.17338
561690.189247,4147107.36423
561690.054011,4147107.55486
561689.918712,4147107.74562
561689.783396,4147107.93636
561689.648076,4147108.12712
561689.512731,4147108.31781
561689.37736,4147108.50856
561689.241945,4147108.69938
561689.10659,4147108.89014
561688.971274,4147109.08081
561688.835915,4147109.27151
561688.700529,4147109.46223
561688.565085,4147109.65298
561688.429687,4147109.84369
561688.29429,4147110.0344
561688.158884,4147110.22511
561688.023478,4147110.41596
561687.888157,4147110.60662
561687.752837,4147110.79739
561687.617508,4147110.98812
561687.482174,4147111.17901
561687.346956,4147111.36971
561687.211734,4147111.56054
561687.076488,4147111.75133
561686.941187,4147111.94224
561686.806,4147112.13296
561686.670815,4147112.32392
561686.535715,4147112.51473
561686.400593,4147112.70571
561686.265639,4147112.89655
561686.130643,4147113.08748
561685.995587,4147113.2784
561685.86063,4147113.46935
561685.725611,4147113.66025
561685.590645,4147113.85119
561685.45568,4147114.04208
561685.320738,4147114.23303
561685.18584,4147114.42396
561685.050956,4147114.61494
561684.916114,4147114.80591
561684.781282,4147114.99697
561684.511653,4147115.37899
561684.511653,4147115.37899
561684.376852,4147115.57003
561684.242076,4147115.76108
561684.107343,4147115.95218
561683.972636,4147116.14336
561683.838036,4147116.33446
561683.703366,4147116.52566
561683.568759,4147116.71682
561683.434132,4147116.90807
561683.299536,4147117.09932
561683.164929,4147117.29068
561683.030416,4147117.48185
561682.895909,4147117.67317
561682.761314,4147117.86449
561682.626869,4147118.05572
561682.492367,4147118.24698
561682.357757,4147118.43843
561682.223392,4147118.6297
561682.088801,4147118.82104
561681.954381,4147119.01239
561681.819862,4147119.20375
561681.685359,4147119.39513
561681.550826,4147119.58642
561681.4163,4147119.77778
561681.281717,4147119.96913
561681.147278,4147120.16049
561681.012741,4147120.3518
561680.878269,4147120.54324
561680.743744,4147120.73456
561680.609245,4147120.92598
561680.474746,4147121.11728
561680.340292,4147121.30865
561680.205786,4147121.49992
561680.071275,4147121.69125
561679.936821,4147121.88254
561679.802266,4147122.0739
561679.533369,4147122.45655
561679.533369,4147122.45655
561679.398938,4147122.64785
561679.264209,4147122.8389
561679.129263,4147123.02968
561678.994357,4147123.22052
561678.859527,4147123.41123
561678.724645,4147123.60205
561678.724645,4147123.60205
561678.454961,4147123.9838
561678.320162,4147124.17468
561678.185359,4147124.36559
561678.050628,4147124.55657
561677.915922,4147124.74749
561677.781202,4147124.93852
561677.646474,4147125.12949
561677.511795,4147125.32049
561677.377071,4147125.51147
561677.242379,4147125.70246
561677.107644,4147125.8935
561676.972964,4147126.08459
561676.838239,4147126.27563
561676.703616,4147126.46659
561676.568943,4147126.65768
561676.43422,4147126.84866
561676.299488,4147127.03975
561676.164815,4147127.23069
561676.030137,4147127.42172
561675.895397,4147127.61277
561675.760613,4147127.80382
561675.625955,4147127.99477
561675.491209,4147128.1858
561675.356509,4147128.37684
561675.221795,4147128.56785
561675.087152,4147128.75879
561674.952386,4147128.9499
561674.817667,4147129.14086
561674.683012,4147129.33195
561674.548387,4147129.52299
561674.41375,4147129.71408
561674.279118,4147129.90512
561674.144546,4147130.0961
561674.009934,4147130.28714
561673.875294,4147130.47829
561673.740716,4147130.66936
561673.606213,4147130.86039
561673.471642,4147131.05152
561673.337043,4147131.24265
561673.202477,4147131.43374
561673.067951,4147131.62475
561672.933393,4147131.81577
561672.798823,4147132.00678
561672.664199,4147132.19797
561672.529624,4147132.38893
561672.394919,4147132.57995
561672.260214,4147132.77089
561672.125527,4147132.96182
561671.990752,4147133.15275
561671.85598,4147133.34366
561671.72115,4147133.5346
561671.586352,4147133.72534
561671.451515,4147133.91624
561671.316674,4147134.10712
561671.181731,4147134.29796
561671.046902,4147134.48886
561670.912093,4147134.67947
561670.77712,4147134.87036
561670.642292,4147135.06113
561670.507355,4147135.25192
561670.372487,4147135.44258
561670.237547,4147135.63328
561670.102514,4147135.82406
561669.967563,4147136.01477
561669.832632,4147136.20553
561669.697626,4147136.39619
561669.562714,4147136.58695
561669.42768,4147136.77763
561669.292702,4147136.96831
561669.157683,4147137.15894
561669.022507,4147137.34959
561668.887398,4147137.5403
561668.752383,4147137.73087
561668.617216,4147137.92151
561668.482039,4147138.11219
561668.346899,4147138.3028
561668.211759,4147138.49338
561668.076548,4147138.68401
561667.941355,4147138.87469
561667.806194,4147139.06524
561667.670948,4147139.25582
561667.535632,4147139.44636
561667.400281,4147139.63695
561667.265046,4147139.82744
561667.12969,4147140.01802
561666.994341,4147140.20856
561666.858974,4147140.39918
561666.723626,4147140.58961
561666.588233,4147140.78005
561666.452817,4147140.97055
561666.317389,4147141.16103
561666.046622,4147141.54186
561666.046622,4147141.54186
561665.911168,4147141.73233
561665.775683,4147141.92276
561665.640238,4147142.11303
561665.504726,4147142.30338
561665.369177,4147142.49368
561665.233624,4147142.68391
561665.098051,4147142.87427
561664.962505,4147143.06455
561664.826943,4147143.25481
561664.691359,4147143.44509
561664.555765,4147143.63534
561664.420154,4147143.82557
561664.284454,4147144.01584
561664.148844,4147144.20606
561664.013148,4147144.39625
561663.877453,4147144.58644
561663.741754,4147144.77661
561663.605998,4147144.96677
561663.470329,4147145.15692
561663.334576,4147145.34701
561663.198786,4147145.53711
561663.063092,4147145.72726
561662.927331,4147145.91741
561662.79155,4147146.10755
561662.655769,4147146.29774
561662.520039,4147146.48786
561662.384287,4147146.67804
561662.248527,4147146.8682
561662.112826,4147147.05838
561661.97706,4147147.24866
561661.841305,4147147.43874
561661.705586,4147147.62895
561661.569856,4147147.81922
561661.434147,4147148.0095
561661.298487,4147148.19968
561661.162774,4147148.39001
561661.027082,4147148.58021
561660.891468,4147148.77039
561660.755797,4147148.96067
561660.620137,4147149.15096
561660.484422,4147149.3413
561660.348761,4147149.53158
561660.213085,4147149.72182
561660.0774,4147149.91217
561659.941757,4147150.10245
561659.806062,4147150.2928
561659.670312,4147150.48313
561659.534693,4147150.67337
561659.398878,4147150.86369
561659.263124,4147151.05392
561659.127377,4147151.24421
561658.991486,4147151.43446
561658.855768,4147151.62468
561658.719914,4147151.81488
561658.584083,4147152.00515
561658.448268,4147152.19536
561658.312405,4147152.38558
561658.176576,4147152.57575
561658.04068,4147152.76598
561657.904769,4147152.95616
561657.768865,4147153.14637
561657.632946,4147153.33654
561657.49702,4147153.52671
561657.36109,4147153.71687
561657.225147,4147153.90705
561657.08922,4147154.09717
561656.953265,4147154.28733
561656.817329,4147154.47745
561656.681368,4147154.66761
561656.545428,4147154.85771
561656.409457,4147155.04788
561656.273494,4147155.23797
561656.13752,4147155.4282
561656.001606,4147155.6182
561655.865648,4147155.80835
561655.729663,4147155.99838
561655.593673,4147156.18853
561655.457638,4147156.37856
561655.321631,4147156.56863
561655.185678,4147156.75872
561655.049729,4147156.94879
561654.913776,4147157.13886
561654.777843,4147157.329
561654.641948,4147157.51905
561654.506032,4147157.70916
561654.370121,4147157.8993
561654.234236,4147158.08948
561654.098385,4147158.27956
561653.962538,4147158.46974
561653.962538,4147158.46974
561653.690967,4147158.85008
561653.555138,4147159.04038
561653.419429,4147159.23058
561653.283715,4147159.42071
561653.148051,4147159.61098
561653.012361,4147159.80124
561652.876595,4147159.99155
561652.741004,4147160.18185
561652.46978,4147160.5623
561652.46978,4147160.5623
561652.334135,4147160.75268
561652.19837,4147160.94275
561652.062465,4147161.13285
561651.926574,4147161.32295
561651.790656,4147161.51314
561651.654754,4147161.70325
561651.518875,4147161.89346
561651.38295,4147162.08364
561651.247129,4147162.27374
561651.111261,4147162.46383
561650.975327,4147162.65403
561650.839349,4147162.84421
561650.703524,4147163.03432
561650.567551,4147163.22449
561650.43164,4147163.41468
561650.29567,4147163.60491
561650.159835,4147163.79504
561650.02391,4147163.98519
561649.887952,4147164.17542
561649.752115,4147164.36549
561649.616176,4147164.55565
561649.480277,4147164.74584
561649.344394,4147164.93603
561649.208416,4147165.12626
561649.072565,4147165.3164
561648.936641,4147165.50656
561648.800772,4147165.69671
561648.664903,4147165.88692
561648.529052,4147166.07705
561648.39321,4147166.26722
561648.257319,4147166.45742
561648.121503,4147166.6476
561647.98566,4147166.83779
561647.849791,4147167.02803
561647.713921,4147167.21827
561647.578156,4147167.4085
561647.442453,4147167.5986
561647.306718,4147167.78888
561647.17096,4147167.97918
561647.035292,4147168.1695
561646.899674,4147168.35967
561646.763985,4147168.54995
561646.628368,4147168.74019
561646.492759,4147168.93047
561646.357182,4147169.12074
561646.22162,4147169.31107
561646.086099,4147169.50133
561645.950471,4147169.69165
561645.814934,4147169.8819
561645.679379,4147170.07216
561645.543812,4147170.26247
561645.408258,4147170.45275
561645.272752,4147170.64303
561645.137254,4147170.83333
561645.001711,4147171.0236
561644.866198,4147171.21385
561644.730655,4147171.4041
561644.595109,4147171.59436
561644.459544,4147171.78455
561644.323997,4147171.97481
561644.188483,4147172.16508
561644.052946,4147172.35531
561643.917421,4147172.54552
561643.646411,4147172.92601
561643.646411,4147172.92601
561643.510865,4147173.11625
561643.375356,4147173.30653
561643.239842,4147173.49676
561643.104346,4147173.68707
561642.968865,4147173.87735
561642.833319,4147174.06769
561642.697896,4147174.25795
561642.562438,4147174.44823
561642.42692,4147174.63858
561642.291465,4147174.82887
561642.156051,4147175.01918
561642.020595,4147175.20951
561641.885116,4147175.4
561641.749859,4147175.59031
561641.614454,4147175.7807
561641.343768,4147176.16158
561641.343768,4147176.16158
561641.208446,4147176.352
561641.073193,4147176.54233
561640.937904,4147176.73276
561640.802541,4147176.9233
561640.667262,4147177.11376
561640.532047,4147177.30424
561640.396853,4147177.4947
561640.261605,4147177.68534
561640.126483,4147177.87574
561639.991305,4147178.06625
561639.856113,4147178.25667
561639.72097,4147178.44718
561639.585687,4147178.63766
561639.450545,4147178.82821
561639.315397,4147179.01868
561639.180237,4147179.20924
561638.910039,4147179.59014
561638.910039,4147179.59014
561638.774914,4147179.78054
561638.639784,4147179.97149
561638.504863,4147180.16258
561638.369985,4147180.35369
561638.235021,4147180.54481
561638.100071,4147180.73596
561637.965125,4147180.92704
561637.830174,4147181.11809
561637.695204,4147181.30911
561637.560265,4147181.50019
561637.42532,4147181.69127
561637.290415,4147181.8823
561637.155501,4147182.07341
561637.020624,4147182.26449
561636.885705,4147182.45552
561636.75085,4147182.64653
561636.615987,4147182.83756
561636.48113,4147183.02858
561636.34627,4147183.21964
561636.211491,4147183.41072
561636.076687,4147183.60184
561635.941882,4147183.79292
561635.807094,4147183.9841
561635.672349,4147184.17518
561635.537695,4147184.36634
561635.402998,4147184.55745
561635.268327,4147184.74868
561635.13375,4147184.93988
561634.999041,4147185.13102
561634.864398,4147185.32228
561634.729784,4147185.51344
561634.595212,4147185.70476
561634.460595,4147185.89596
561634.325971,4147186.08734
561634.191481,4147186.27849
561634.056949,4147186.46978
561633.922356,4147186.661
561633.787808,4147186.85233
561633.653217,4147187.04354
561633.518648,4147187.23482
561633.384026,4147187.42604
561633.249405,4147187.61748
561633.1149,4147187.80866
561632.980313,4147187.99996
561632.84574,4147188.19121
561632.711112,4147188.38246
561632.576535,4147188.57365
561632.441839,4147188.76486
561632.307174,4147188.95602
561632.172525,4147189.14726
561632.037787,4147189.33843
561631.903126,4147189.5296
561631.768405,4147189.72074
561631.633698,4147189.91197
561631.498997,4147190.103
561631.364265,4147190.2941
561631.229488,4147190.4852
561631.094627,4147190.67631
561630.959918,4147190.86731
561630.825094,4147191.05838
561630.690285,4147191.24942
561630.55545,4147191.44044
561630.420688,4147191.63145
561630.285859,4147191.82236
561630.151034,4147192.01351
561630.016244,4147192.20444
561629.881426,4147192.39539
561629.746579,4147192.58637
561629.611734,4147192.77738
561629.476917,4147192.96828
561629.342044,4147193.15915
561629.207245,4147193.35014
561629.072504,4147193.54108
561628.937699,4147193.73212
561628.803019,4147193.92312
561628.668212,4147194.11405
561628.533517,4147194.30503
561628.398818,4147194.49598
561628.264136,4147194.68692
561628.12942,4147194.87799
561627.994853,4147195.06896
561627.86015,4147195.25998
561627.725628,4147195.45092
561627.59094,4147195.6419
561627.456308,4147195.83286
561627.321699,4147196.02384
561627.187104,4147196.21485
561627.052529,4147196.40588
561626.917991,4147196.59687
561626.783429,4147196.78788
561626.648705,4147196.97882
561626.514101,4147197.16979
561626.37947,4147197.36076
561626.244748,4147197.5518
561626.110114,4147197.74274
561625.975482,4147197.93378
561625.840848,4147198.12476
561625.706192,4147198.31572
561625.436855,4147198.69769
561625.436855,4147198.69769
561625.302115,4147198.88868
561625.167035,4147199.07997
561625.031693,4147199.27136
561624.896408,4147199.46273
561624.761014,4147199.65418
561624.625702,4147199.8454
561624.49029,4147200.03665
561624.354851,4147200.2281
561624.21947,4147200.41931
561624.084016,4147200.61057
561623.948571,4147200.80186
561623.812997,4147200.99325
561623.677519,4147201.18442
561623.541952,4147201.37567
561623.406403,4147201.56683
561623.270711,4147201.75808
561623.135081,4147201.94918
561622.99946,4147202.14034
561622.863764,4147202.33141
561622.728114,4147202.5226
561622.592258,4147202.71376
561622.456551,4147202.90485
561622.32067,4147203.09589
561622.184885,4147203.28694
561622.049018,4147203.47798
561621.913214,4147203.66895
561621.77727,4147203.86
561621.641357,4147204.05104
561621.505485,4147204.24199
561621.369563,4147204.43292
561621.233659,4147204.62392
561621.097739,4147204.81486
561620.961722,4147205.00598
561620.825824,4147205.19684
561620.689901,4147205.38784
561620.55382,4147205.57883
561620.417805,4147205.76984
561620.281779,4147205.96077
561620.145824,4147206.15166
561620.009772,4147206.34257
561619.873695,4147206.53365
561619.737704,4147206.72446
561619.601624,4147206.91542
561619.465553,4147207.10629
561619.329429,4147207.29713
561619.193325,4147207.48797
561619.057146,4147207.67896
561618.921009,4147207.86978
561618.784974,4147208.06059
561618.648889,4147208.25142
561618.512798,4147208.44224
561618.376537,4147208.6331
561618.240467,4147208.8238
561618.104262,4147209.01451
561617.968027,4147209.20527
561617.831728,4147209.39605
561617.695566,4147209.58676
561617.55924,4147209.77754
561617.42296,4147209.96828
561617.286728,4147210.15898
561617.150569,4147210.34967
561617.014351,4147210.54041
561616.878119,4147210.73119
561616.741937,4147210.92188
561616.605773,4147211.11262
561616.469629,4147211.30332
561616.333468,4147211.49407
561616.197285,4147211.68496
561616.061163,4147211.87574
561615.925125,4147212.0665
561615.789017,4147212.25733
561615.653001,4147212.44807
561615.516984,4147212.63887
561615.380872,4147212.8298
561615.244878,4147213.02052
561615.108856,4147213.21137
561614.972789,4147213.40214
561614.836713,4147213.59292
561614.700619,4147213.78359
561614.564467,4147213.97428
561614.428288,4147214.16488
561614.292113,4147214.35554
561614.15586,4147214.54619
561614.019625,4147214.73684
561613.883344,4147214.92737
561613.747027,4147215.11794
561613.610636,4147215.30839
561613.4742,4147215.49883
561613.337774,4147215.68926
561613.201313,4147215.87971
561613.064839,4147216.07016
561612.928266,4147216.26076
561612.7918,4147216.45112
561612.655296,4147216.64156
561612.518793,4147216.83196
561612.382277,4147217.02241
561612.245786,4147217.21287
561612.109291,4147217.40338
561611.836544,4147217.78444
561611.836544,4147217.78444
561611.700241,4147217.975
561611.564541,4147218.16513
561611.428955,4147218.35527
561611.293394,4147218.54536
561611.157855,4147218.73554
561611.022353,4147218.92576
561610.886908,4147219.11596
561610.751504,4147219.30606
561610.616086,4147219.49633
561610.480652,4147219.68656
561610.345266,4147219.87687
561610.209981,4147220.06709
561610.07465,4147220.25745
561609.939375,4147220.44769
561609.804008,4147220.6381
561609.668755,4147220.82838
561609.533461,4147221.01864
561609.398104,4147221.20888
561609.262771,4147221.39922
561609.127475,4147221.58941
561608.992155,4147221.7797
561608.85682,4147221.9701
561608.721546,4147222.16046
561608.586312,4147222.35068
561608.451086,4147222.541
561608.315799,4147222.73132
561608.180473,4147222.92167
561608.045256,4147223.11194
561607.909975,4147223.30225
561607.774656,4147223.49267
561607.639429,4147223.683
561607.504242,4147223.87327
561607.369016,4147224.06359
561607.233737,4147224.25387
561607.098434,4147224.44428
561606.963278,4147224.63454
561606.827998,4147224.82488
561606.692717,4147225.01538
561606.557627,4147225.20565
561606.422444,4147225.39596
561606.287236,4147225.58631
561606.15209,4147225.77668
561606.016918,4147225.96694
561605.881758,4147226.1573
561605.746562,4147226.34754
561605.611329,4147226.53789
561605.476101,4147226.72814
561605.340918,4147226.91849
561605.205769,4147227.10872
561605.070612,4147227.29905
561604.935451,4147227.48933
561604.800318,4147227.6796
561604.665145,4147227.86985
561604.529948,4147228.06013
561604.394765,4147228.2505
561604.259591,4147228.44075
561604.124437,4147228.63106
561603.989281,4147228.82137
561603.854141,4147229.01165
561603.718993,4147229.20193
561603.583887,4147229.39219
561603.448765,4147229.58253
561603.313637,4147229.77283
561603.178645,4147229.96321
561603.043563,4147230.15365
561602.908567,4147230.34412
561602.773567,4147230.53452
561602.638537,4147230.72501
561602.50354,4147230.91543
561602.368576,4147231.10593
561602.233584,4147231.29637
561602.098638,4147231.48688
561601.963685,4147231.67741
561601.828703,4147231.86801
561601.693799,4147232.05856
561601.558876,4147232.24916
561601.423972,4147232.43985
561601.289059,4147232.63047
561601.154237,4147232.82104
561601.019288,4147233.01164
561600.884369,4147233.20227
561600.749472,4147233.39295
561600.614585,4147233.58359
561600.479707,4147233.77428
561600.344787,4147233.96495
561600.209908,4147234.15561
561600.074943,4147234.34623
561599.940024,4147234.53692
561599.805038,4147234.72761
561599.670114,4147234.91835
561599.535257,4147235.10889
561599.400226,4147235.29973
561599.265338,4147235.49034
561599.13033,4147235.68109
561598.995439,4147235.87164
561598.860528,4147236.0624
561598.725608,4147236.25306
561598.590746,4147236.44378
561598.321053,4147236.82518
561598.321053,4147236.82518
561598.186265,4147237.01595
561598.049909,4147237.20663
561597.912859,4147237.39728
561597.775784,4147237.5879
561597.638794,4147237.7785
561597.50179,4147237.96918
561597.364803,4147238.15984
561597.227951,4147238.3505
561597.090969,4147238.54129
561596.95412,4147238.73201
561596.81722,4147238.92273
561596.680351,4147239.1135
561596.543485,4147239.30425
561596.406615,4147239.49495
561596.269811,4147239.68569
561596.132859,4147239.87644
561595.996025,4147240.06717
561595.859214,4147240.25781
561595.72227,4147240.44855
561595.585411,4147240.63926
561595.448471,4147240.82988
561595.311501,4147241.0205
561595.174564,4147241.2111
561595.037536,4147241.40169
561594.900493,4147241.59228
561594.763443,4147241.78286
561594.626422,4147241.97346
561594.489353,4147242.16406
561594.352309,4147242.35467
561594.215333,4147242.54519
561594.078285,4147242.73577
561593.941345,4147242.92629
561593.80425,4147243.11698
561593.667301,4147243.30752
561593.530301,4147243.4981
561593.3933,4147243.6887
561593.256214,4147243.87945
561593.119261,4147244.07005
561592.982277,4147244.26076
561592.845247,4147244.45153
561592.708414,4147244.64213
561592.571484,4147244.83283
561592.434509,4147245.0235
561592.297602,4147245.21427
561592.160627,4147245.40501
561592.023729,4147245.59573
561591.886679,4147245.78654
561591.749718,4147245.97723
561591.612787,4147246.16795
561591.47592,4147246.35852
561591.338992,4147246.54913
561591.202027,4147246.73976
561591.065075,4147246.93045
561590.928062,4147247.12103
561590.79113,4147247.31182
561590.654123,4147247.50244
561590.517006,4147247.69327
561590.379943,4147247.8837
561590.242852,4147248.07433
561590.105759,4147248.26481
561589.968587,4147248.45547
561589.831589,4147248.64598
561589.694508,4147248.8367
561589.557458,4147249.02735
561589.420372,4147249.21803
561589.283338,4147249.40861
561589.1462,4147249.59915
561589.009143,4147249.78977
561588.872017,4147249.98033
561588.734951,4147250.17089
561588.597865,4147250.36157
561588.460872,4147250.55217
561588.323779,4147250.74294
561588.186729,4147250.93355
561588.049703,4147251.12415
561587.912615,4147251.31479
561587.775498,4147251.50543
561587.638459,4147251.69598
561587.50137,4147251.88664
561587.364244,4147252.07733
561587.227239,4147252.26792
561587.090231,4147252.45858
561586.95318,4147252.64927
561586.816183,4147252.83997
561586.679172,4147253.0306
561586.542194,4147253.22128
561586.405204,4147253.41193
561586.268176,4147253.60255
561586.131215,4147253.79326
561585.99426,4147253.98381
561585.857356,4147254.1745
561585.720403,4147254.3652
561585.583573,4147254.55586
561585.446798,4147254.7466
561585.310005,4147254.93743
561585.17316,4147255.1283
